年份	中国	美国
GDP(美元)	占世界%	GDP(美元)	占世界%
2019	14.34万亿 (14,342,902,842,915)	16.3550%	21.37万亿 (21,374,418,877,706)	24.3729%
2018	13.89万亿 (13,894,817,110,036)	16.0900%	20.53万亿 (20,529,049,174,601)	23.7723%
2017	12.31万亿 (12,310,408,652,423)	15.1552%	19.49万亿 (19,485,393,853,000)	23.9882%
2016	11.23万亿 (11,233,277,146,512)	14.7156%	18.71万亿 (18,707,188,235,000)	24.5064%
2015	11.06万亿 (11,061,552,790,044)	14.7098%	18.22万亿 (18,219,297,584,000)	24.2282%
2014	10.48万亿 (10,475,682,846,632)	13.1851%	17.52万亿 (17,521,746,534,000)	22.0536%
2013	9.57万亿 (9,570,405,758,739)	12.3805%	16.78万亿 (16,784,849,190,000)	21.7133%
2012	8.53万亿 (8,532,230,724,141)	11.3542%	16.2万亿 (16,197,007,349,000)	21.5541%
2011	7.55万亿 (7,551,500,425,597)	10.2814%	15.54万亿 (15,542,581,104,000)	21.1612%
2010	6.09万亿 (6,087,164,527,421)	9.2072%	14.99万亿 (14,992,052,727,000)	22.6764%
2009	5.1万亿 (5,101,702,432,883)	8.4472%	14.45万亿 (14,448,933,025,000)	23.9238%
2008	4.59万亿 (4,594,306,848,763)	7.2152%	14.71万亿 (14,712,844,084,000)	23.1060%
2007	3.55万亿 (3,550,342,425,238)	6.1180%	14.45万亿 (14,451,858,650,000)	24.9035%
2006	2.75万亿 (2,752,131,773,355)	5.3437%	13.81万亿 (13,814,611,414,000)	26.8234%
2005	2.29万亿 (2,285,965,892,360)	4.8108%	13.04万亿 (13,036,640,229,000)	27.4356%
2004	1.96万亿 (1,955,347,004,963)	4.4574%	12.21万亿 (12,213,729,147,000)	27.8425%
2003	1.66万亿 (1,660,287,965,662)	4.2632%	11.46万亿 (11,458,243,878,000)	29.4217%
2002	1.47万亿 (1,470,550,015,081)	4.2367%	10.94万亿 (10,936,419,054,000)	31.5082%
2001	1.34万亿 (1,339,395,718,865)	4.0070%	10.58万亿 (10,581,821,399,000)	31.6569%
2000	1.21万亿 (1,211,346,869,605)	3.6032%	10.25万亿 (10,252,345,464,000)	30.4960%
1999	1.09万亿 (1,093,997,267,271)	3.3598%	9.63万亿 (9,630,664,202,000)	29.5766%
1998	1.03万亿 (1,029,043,097,554)	3.2779%	9.06万亿 (9,062,818,211,000)	28.8686%
1997	9616.04亿 (961,603,952,951)	3.0568%	8.58万亿 (8,577,554,463,000)	27.2666%
1996	8637.47亿 (863,746,717,503)	2.7357%	8.07万亿 (8,073,122,000,000)	25.5700%
1995	7345.48亿 (734,547,898,220)	2.3782%	7.64万亿 (7,639,749,000,000)	24.7349%
1994	5643.25亿 (564,324,670,005)	2.0321%	7.29万亿 (7,287,236,000,000)	26.2407%
1993	4447.31亿 (444,731,282,436)	1.7199%	6.86万亿 (6,858,559,000,000)	26.5241%
1992	4269.16亿 (426,915,712,711)	1.6773%	6.52万亿 (6,520,327,000,000)	25.6172%
1991	3833.73亿 (383,373,318,083)	1.5996%	6.16万亿 (6,158,129,000,000)	25.6947%
1990	3608.58亿 (360,857,912,565)	1.5949%	5.96万亿 (5,963,144,000,000)	26.3548%
1989	3477.68亿 (347,768,051,311)	1.7313%	5.64万亿 (5,641,580,000,000)	28.0851%
1988	3123.54亿 (312,353,631,207)	1.6231%	5.24万亿 (5,236,438,000,000)	27.2106%
1987	2729.73亿 (272,972,974,764)	1.5870%	4.86万亿 (4,855,215,000,000)	28.2264%
1986	3007.58亿 (300,758,100,107)	1.9893%	4.58万亿 (4,579,631,000,000)	30.2915%
1985	3094.88亿 (309,488,028,132)	2.4191%	4.34万亿 (4,338,979,000,000)	33.9159%
1984	2599.47亿 (259,946,510,957)	2.1342%	4.04万亿 (4,037,613,000,000)	33.1498%
1983	2306.87亿 (230,686,747,153)	1.9638%	3.63万亿 (3,634,038,000,000)	30.9358%
1982	2050.9亿 (205,089,699,858)	1.7811%	3.34万亿 (3,343,789,000,000)	29.0399%
1981	1958.66亿 (195,866,382,432)	1.6850%	3.21万亿 (3,207,042,000,000)	27.5903%
1980	1911.49亿 (191,149,211,575)	1.7025%	2.86万亿 (2,857,307,000,000)	25.4491%
1979	1782.81亿 (178,280,594,413)	1.7880%	2.63万亿 (2,627,334,000,000)	26.3494%
1978	1495.41亿 (149,540,752,829)	1.7420%	2.35万亿 (2,351,599,000,000)	27.3936%
1977	1749.38亿 (174,938,098,826)	2.4038%	2.08万亿 (2,081,826,000,000)	28.6066%
1976	1539.4亿 (153,940,455,341)	2.3911%	1.87万亿 (1,873,412,000,000)	29.0989%
1975	1634.32亿 (163,431,551,779)	2.7606%	1.68万亿 (1,684,904,000,000)	28.4602%
1974	1441.82亿 (144,182,133,387)	2.7123%	1.55万亿 (1,545,243,000,000)	29.0686%
1973	1385.44亿 (138,544,284,708)	3.0059%	1.43万亿 (1,425,376,000,000)	30.9253%
1972	1136.88亿 (113,687,586,299)	3.0096%	1.28万亿 (1,279,110,000,000)	33.8610%
1971	998.01亿 (99,800,958,648)	3.0490%	1.16万亿 (1,164,850,000,000)	35.5865%
1970	926.03亿 (92,602,973,434)	3.1276%	1.07万亿 (1,073,303,000,000)	36.2497%
1969	797.06亿 (79,705,906,247)	2.9470%	1.02万亿 (1,019,900,000,000)	37.7094%
1968	708.47亿 (70,846,535,055)	2.8900%	9425.0亿 (942,500,000,000)	38.4469%
1967	728.82亿 (72,881,631,326)	3.2093%	8617.0亿 (861,700,000,000)	37.9447%
1966	767.2亿 (76,720,285,969)	3.5963%	8150.0亿 (815,000,000,000)	38.2032%
1965	704.36亿 (70,436,266,146)	3.5822%	7437.0亿 (743,700,000,000)	37.8230%
1964	597.08亿 (59,708,343,488)	3.3067%	6858.0亿 (685,800,000,000)	37.9805%
1963	507.07亿 (50,706,799,902)	3.0763%	6386.0亿 (638,600,000,000)	38.7431%
1962	472.09亿 (47,209,359,005)	3.0855%	6051.0亿 (605,100,000,000)	39.5475%
1961	500.57亿 (50,056,868,957)	3.5125%	5633.0亿 (563,300,000,000)	39.5269%
1960	597.16亿 (59,716,467,625)	4.3607%	5433.0亿 (543,300,000,000)	39.6733%