2016	5.77万亿 (5,769,659,116,562)	14.34万亿 (14,344,855,083,000)
2015	5.56万亿 (5,558,405,914,855)	13.83万亿 (13,833,366,538,000)
2014	5.01万亿 (5,014,465,115,219)	13.13万亿 (13,132,531,479,000)
2013	4.49万亿 (4,486,252,802,185)	12.57万亿 (12,573,004,863,000)
2012	3.88万亿 (3,878,489,663,273)	12.24万亿 (12,236,550,766,000)
2011	3.34万亿 (3,344,403,191,613)	11.73万亿 (11,727,510,676,000)
2010	2.69万亿 (2,688,772,394,366)	11.38万亿 (11,378,605,818,000)
2009	2.27万亿 (2,265,244,374,675)	11.01万亿 (11,012,443,092,000)
2008	1.97万亿 (1,968,796,582,795)	11.0万亿 (10,995,662,091,000)
2007	1.52万亿 (1,522,322,154,868)	10.75万亿 (10,749,828,047,000)
2006	1.15万亿 (1,150,822,417,495)	10.25万亿 (10,253,964,307,000)
2005	9448.98亿 (944,897,903,742)	9.73万亿 (9,732,334,988,000)
2004	8052.5亿 (805,250,029,413)	9.14万亿 (9,139,432,723,000)