2017	9187.95亿 (918,794,756,465)	1785.8亿 (178,579,605,000)
2016	9050.97亿 (905,097,449,017)	1759.23亿 (175,923,170,000)
2015	9277.33亿 (927,733,440,385)	1899.47亿 (189,947,276,000)
2014	9054.64亿 (905,464,400,820)	2082.73亿 (208,273,224,000)
2013	8558.72亿 (855,871,719,551)	2238.28亿 (223,828,260,000)
2012	7776.02亿 (777,602,458,691)	1876.96亿 (187,695,610,000)
2011	6930.51亿 (693,051,149,113)	1890.74亿 (189,073,562,000)
2010	5676.38亿 (567,638,066,259)	1562.89亿 (156,289,352,000)
2009	4916.09亿 (491,609,333,372)	1399.48亿 (139,948,397,000)
2008	4671.97亿 (467,196,741,836)	1568.07亿 (156,807,011,000)
2007	3637.74亿 (363,773,907,328)	1541.76亿 (154,175,628,000)
2006	2924.35亿 (292,434,931,645)	1382.4亿 (138,239,746,000)
2005	2661.21亿 (266,120,618,838)	1489.12亿 (148,911,711,000)
2004	2525.65亿 (252,565,293,074)	1537.29亿 (153,729,333,000)
2003	2050.29亿 (205,028,943,701)	1277.89亿 (127,788,915,000)
2002	1956.05亿 (195,605,029,567)	1061.3亿 (106,130,395,000)
2001	1872.94亿 (187,293,882,702)	1195.03亿 (119,503,208,000)
2000	1777.8亿 (177,780,193,867)	1179.49亿 (117,948,761,000)
1999	1757.48亿 (175,748,346,819)	1108.67亿 (110,866,523,000)
1998	1765.74亿 (176,573,862,806)	1100.22亿 (110,022,333,000)
1997	1720.82亿 (172,081,688,484)	1146.74亿 (114,674,330,000)