2017	4.91万亿 (4,905,907,853,465)	22.7371%	3.55万亿 (3,547,888,825,000)	16.4432%
2016	4.45万亿 (4,446,200,617,051)	22.2736%	3.36万亿 (3,358,857,397,000)	16.8265%
2015	4.52万亿 (4,517,686,069,851)	22.5049%	3.37万亿 (3,374,967,806,000)	16.8124%
2014	4.51万亿 (4,513,507,178,435)	20.5667%	3.38万亿 (3,381,100,225,000)	15.4067%
2013	4.23万亿 (4,227,889,860,873)	19.6479%	3.23万亿 (3,232,460,043,000)	15.0219%
2012	3.88万亿 (3,875,593,682,176)	18.3258%	3.1万亿 (3,102,696,338,000)	14.6712%
2011	3.51万亿 (3,513,659,367,020)	16.9566%	3.02万亿 (3,017,887,579,000)	14.5641%
2010	2.83万亿 (2,830,398,948,347)	15.5253%	2.9万亿 (2,901,755,514,000)	15.9167%
2009	2.34万亿 (2,344,597,007,933)	14.5606%	2.79万亿 (2,792,112,324,000)	17.3398%
2008	2.16万亿 (2,157,999,338,005)	12.0442%	3.07万亿 (3,069,207,780,000)	17.1298%
2007	1.66万亿 (1,664,548,143,279)	10.3226%	3.1万亿 (3,099,364,312,000)	19.2205%
2006	1.31万亿 (1,308,841,899,315)	9.1653%	2.98万亿 (2,983,106,998,000)	20.8896%
2005	1.07万亿 (1,074,920,371,477)	8.3089%	2.77万亿 (2,766,830,195,000)	21.3870%
2004	8975.09亿 (897,508,699,014)	7.6472%	2.56万亿 (2,560,039,729,000)	21.8126%
2003	7574.7亿 (757,470,097,861)	7.3780%	2.38万亿 (2,376,360,408,000)	23.1464%
2002	6536.68亿 (653,667,995,650)	7.1501%	2.26万亿 (2,257,414,776,000)	24.6925%
2001	5999.61亿 (599,961,339,116)	6.6938%	2.27万亿 (2,272,339,446,000)	25.3527%
2000	5516.01亿 (551,600,550,831)	5.9213%	2.3万亿 (2,302,101,247,000)	24.7127%
1999	4962.36亿 (496,235,942,162)	5.5719%	2.17万亿 (2,171,714,180,000)	24.3846%
1998	4712.77亿 (471,277,071,179)	5.4745%	2.05万亿 (2,054,591,437,000)	23.8667%
1997	4529.06亿 (452,905,980,843)	5.0982%	1.98万亿 (1,984,168,572,000)	22.3352%